 2.94718 -0.02390  0.00075
-0.02558  2.45820 -0.40262
-0.25054 -0.28782  0.25496
 2.62341  0.17992 -0.31466
 0.18542  2.77768  0.22451
 0.03150  0.02649  0.87189
 2.57483 -0.15401  0.39619
-0.18046  2.77787  0.19008
 0.14076  0.10093  0.45451
 3.37578 -0.04679  0.03410
-0.03090  3.31541 -0.05386
 0.02176  0.00368  0.05958
-2.55082  0.00874 -0.02306
 0.00612 -2.52373  0.01036
 0.00742  0.03654 -0.47818
-3.33650 -0.46320  0.05857
-0.47030 -2.59175  0.03434
 0.01553  0.04382 -0.38753
-3.23051  0.54693 -0.12826
 0.54719 -2.67889  0.05786
 0.02082  0.03770 -0.37511
-2.40337 -0.04769 -0.02363
-0.03149 -3.53478 -0.06066
 0.01274  0.03867 -0.40013
